$ 1 0.000005 16.817414165184545 53 5 50 5e-11
r 384 208 384 96 0 68
209 272 16 272 96 0 0.00009999999999999999 4.017771865225051 0.001 1
v 160 304 160 224 0 2 1000 1.5 1.5 0 0.18
g 160 304 160 320 0 0
g 384 272 384 320 0 0
w 272 16 384 16 0
r 384 16 384 96 0 250
w 240 16 272 16 0
R 240 16 240 -32 0 0 40 5 0 0 0.5
w 384 96 464 96 0
w 384 240 384 272 0
w 160 224 336 224 0
w 272 96 384 96 0
f 336 224 384 224 32 1.5 0.02
r 464 96 464 288 0 68
g 464 288 464 320 0 0
o 2 16 0 36866 5 0.1 0 2 2 3
o 6 16 0 135173 5 0.025 1 2 6 3
o 6 16 0 4098 5 0.1 2 2 6 3
38 2 F1 5 0 100 -1 Duty\sCycle
38 14 F1 0 1 200 -1 Resistance\s2
38 0 F1 0 1 200 -1 Resistance\s1
