$ 1 0.000005 18.278915558614752 65 5 43 5e-11
d 272 192 320 192 2 default
g -16 320 -16 352 0 0
g 656 320 656 352 0 0
g 496 320 496 352 0 0
209 496 176 496 320 0 0.00009999999999999999 4.220344812574648 1 1
r 496 176 608 176 0 3300
r 608 176 608 320 0 1000
g 608 320 608 352 0 0
p 656 176 656 320 1 0 0
r 112 176 112 320 0 220
g 112 320 112 352 0 0
g 48 320 48 352 0 0
p 48 176 48 320 1 0 0
w -16 176 48 176 0
w 48 176 112 176 0
p 432 176 432 320 1 0 0
g 432 320 432 352 0 0
w 432 176 496 176 0
a 160 192 272 192 9 15 -15 1000000 4.220344812574648 3.5019438366407405 100000
w 160 176 112 176 0
w 160 208 160 256 0
w 160 256 352 256 0
w 352 192 352 176 0
w 352 176 432 176 0
w 320 192 352 192 0
w 352 192 352 256 0
w 608 176 656 176 0
v 0 224 0 272 0 1 50 4.4 0 0 0.5
w -16 176 0 224 0
w 0 272 -16 320 0
o 12 64 0 4098 5 0.1 0 1
o 15 64 0 4098 5 0.1 1 1
o 8 64 0 4098 5 0.1 2 1
