$ 1 0.000005 18.278915558614752 65 5 43 5e-11
d 224 176 336 176 2 default
g 96 320 96 352 0 0
g 608 320 608 352 0 0
g 400 320 400 352 0 0
209 400 176 400 320 0 0.00009999999999999999 11.335476556944172 1 1
r 400 176 512 176 0 10000
r 512 176 512 320 0 1000
g 512 320 512 352 0 0
p 608 176 608 320 1 0 0
w 512 176 608 176 0
r 224 176 224 320 0 390
g 224 320 224 352 0 0
g 160 320 160 352 0 0
p 160 176 160 320 1 0 0
i 96 320 96 176 0 0.03125
w 96 176 160 176 0
w 160 176 224 176 0
p 336 176 336 320 1 0 0
g 336 320 336 352 0 0
w 336 176 400 176 0
o 8 64 0 12290 1.0304978688131068 0.0001 0 1
